0  # turn
4  # players
# number, name, email, money, last orders
1 "Player" "stefan@tlaoatl.local" 50 0
2 "Player" "matthias@tlaoatl.local" 50 0
3 "Computer" "" 50 0
4 "Computer" "" 50 0

25 25  # map size
# terrain
0
0
0
0
0
0
0
0
0
0
0
0
0
0
0
0
0
0
0
0
0
0
0
0
0
0
0
0
0
0
0
0
0
0
0
0
0
0
0
0
0
0
0
0
0
0
0
0
0
0
0
0
0
0
0
0
0
0
0
0
0
0
2
0
0
0
0
1
0
0
0
0
0
0
0
0
0
0
0
0
0
0
0
0
0
0
1
3
0
0
0
0
1
0
0
0
0
0
0
0
0
0
0
0
0
0
0
0
0
0
1
0
1
1
3
1
1
0
0
0
0
0
0
0
0
0
0
0
0
0
0
0
0
0
1
0
3
2
1
2
2
1
0
0
0
0
3
0
0
0
0
0
0
0
0
0
3
1
0
3
1
2
3
2
1
2
2
3
1
1
1
1
0
0
0
0
0
0
0
0
1
2
2
2
1
0
0
1
0
1
1
0
2
0
1
1
1
0
0
0
0
0
0
0
0
0
2
3
1
1
1
1
2
3
1
2
3
3
1
3
3
1
1
3
1
0
0
1
1
0
0
2
3
1
3
3
1
3
1
3
1
3
2
2
1
1
2
0
1
1
0
1
1
1
0
1
3
3
1
2
3
3
1
1
1
1
1
1
1
1
2
1
1
2
1
0
2
3
3
3
1
2
1
2
1
2
3
2
1
2
3
2
1
1
3
3
0
2
3
0
2
1
2
1
1
2
1
1
2
3
3
1
3
3
1
2
1
1
3
1
1
3
3
3
1
0
0
0
0
0
2
1
1
1
1
3
2
3
1
2
1
3
1
1
1
2
3
1
1
2
0
0
0
1
1
1
2
1
1
1
3
1
3
1
1
2
1
1
0
2
2
1
1
3
1
0
0
0
1
1
2
1
1
2
3
1
3
1
1
2
2
1
2
3
0
3
1
0
1
0
0
0
0
1
2
3
2
1
3
2
1
3
1
2
1
3
1
0
2
1
3
0
2
2
0
0
0
3
2
1
2
3
1
2
1
3
0
3
3
1
1
1
1
2
2
0
0
1
0
2
0
0
1
1
2
0
3
2
3
1
1
1
2
1
1
2
1
3
1
1
1
0
0
0
0
0
0
3
2
0
1
1
3
1
1
3
2
1
3
1
0
3
0
2
2
0
0
0
0
0
0
0
0
0
1
1
2
0
1
2
1
0
0
3
2
3
2
2
2
0
0
0
0
0
0
0
0
0
0
0
0
1
0
3
1
0
2
3
1
1
2
1
0
1
0
0
0
0
0
0
0
0
0
0
0
2
1
0
0
0
0
0
0
0
3
0
1
0
0
0
0
0
0
0
0
0
0
0
0
0
0
0
0
0
0
0
0
0
0
0
0
0
0
0
0
0
0
0
0
0
0
0
0
0
0
0
0
0
0
0
0
0
0
0
0
0
0
0
0
0
0
0
0
0
0

4  # units
# number, name, type, player, hex
1 "City" 0 1 320
1 "City" 0 2 477
1 "City" 0 3 540
1 "City" 0 4 134

0  # friendly
# player, other
